44194,150579,153442,170702	8.3333
39419,77306,87227,162384	8.1333
17127,77306,114880,162384	8.0667
90885,94426,109189,170767	8.0571
39671,80299,114016,172462	8.0333
99926,139183,150582,167593	7.9667
99926,128219,139183,150582	7.9000
39671,53603,114016,172462	7.8667
83339,159404,164224,176274	7.8333
99926,159404,175358,176274	7.8000
15682,99926,128219,139183	7.7750
97832,103499,149328,174466	7.7667
27284,99926,128219,139183	7.7600
126798,148841,149741,149798	7.7500
99926,103499,127875,128219	7.7333
